Global MSE 0.584915
R2 0.4373
 channel      MSE     RMSE      MAE
       0 0.575220 0.758433 0.242364
       1 0.597189 0.772780 0.246572
       2 0.585880 0.765428 0.245085
       3 0.598914 0.773895 0.241569
       4 0.557068 0.746370 0.241582
       5 0.564912 0.751606 0.243508
       6 0.596893 0.772588 0.242292
       7 0.590138 0.768205 0.245361
Top‑10 worst nodes:
867	4.392650
397	3.846809
58	3.750259
261	3.726717
408	3.599685
978	3.559778
53	3.512019
986	3.384392
984	3.353556
494	3.269656
